0 0.000001 0.000000 0.000001
1 0.000001 0.000001 0.000001
1 0.000001 0.000001 0.000001
2 0.000001 0.000000 0.000001
3 0.000001 0.000001 0.000001
5 0.000001 0.000001 0.000001
8 0.000001 0.000001 0.000001
13 0.000001 0.000001 0.000001
21 0.000001 0.000000 0.000001
34 0.000002 0.000001 0.000001
55 0.000002 0.000001 0.000001
89 0.000002 0.000001 0.000001
144 0.000002 0.000001 0.000001
233 0.000003 0.000001 0.000001
377 0.000005 0.000001 0.000001
610 0.000006 0.000000 0.000001
987 0.000009 0.000001 0.000001
1597 0.000015 0.000001 0.000000
2584 0.000022 0.000001 0.000001
4181 0.000032 0.000001 0.000001
6765 0.000051 0.000001 0.000001
10946 0.000090 0.000001 0.000001
17711 0.000142 0.000001 0.000001
28657 0.000219 0.000001 0.000001
46368 0.000361 0.000001 0.000001
75025 0.000581 0.000001 0.000001
121393 0.000940 0.000001 0.000001
196418 0.001516 0.000002 0.000001
317811 0.002437 0.000002 0.000001
514229 0.004049 0.000003 0.000000
832040 0.006491 0.000001 0.000001
1346269 0.010146 0.000001 0.000001
2178309 0.016320 0.000001 0.000001
3524578 0.026540 0.000001 0.000001
5702887 0.041859 0.000001 0.000001
9227465 0.066634 0.000002 0.000000
14930352 0.109694 0.000001 0.000001
24157817 0.177425 0.000001 0.000001
39088169 0.284393 0.000002 0.000001
63245986 0.455112 0.000001 0.000001
